Route: 22 Stations: 1, 2, 3, 4, 5, 6, 7, 8, 9, 10, 11, 38, 37, 36, 39, 40, 21, 20 Stops: 1, 2, 6, 7, 9, 11, 37, 40, 20
Route: 36 Stations: 1, 2, 3, 4, 5, 6, 7, 8, 9, 10, 11, 39, 40, 21, 41, 27 Stops: 1, 3, 6, 7, 10, 39, 40, 21, 27
Route: 42 Stations: 1, 2, 3, 4, 5, 6, 7, 8, 27, 26, 28, 29, 21, 20 Stops: 1, 3, 6, 27, 26, 28, 29, 21, 20
Route: 50 Stations: 1, 2, 3, 4, 5, 6, 7, 8, 28, 29, 21, 22, 23, 30, 31, 32, 33 Stops: 1, 2, 4, 5, 6, 7, 8, 28, 29, 22, 33
Route: 85 Stations: 1, 2, 3, 4, 19, 20, 21, 29, 28, 8, 7, 6, 9, 10, 11, 12 Stops: 1, 2, 3, 29, 28, 8, 6, 9, 11, 12
Route: 91 Stations: 1, 2, 3, 4, 19, 20, 21, 29, 28, 8, 9, 10, 11, 12, 13, 14, 38, 37, 36 Stops: 1, 2, 19, 20, 29, 8, 9, 14, 37, 36
Route: 92 Stations: 1, 2, 3, 4, 19, 20, 21, 29, 28, 8, 9, 10, 11, 12, 13, 14, 38, 37, 36, 35 Stops: 1, 4, 19, 20, 29, 8, 10, 36, 35
Route: 105 Stations: 1, 2, 3, 4, 19, 20, 21, 30, 31, 32, 33, 40, 39, 11 Stops: 1, 2, 21, 31, 32, 11
Route: 114 Stations: 1, 2, 3, 4, 19, 20, 21, 40, 39, 11, 10, 9, 8, 7, 6, 27, 26, 25 Stops: 1, 2, 39, 10, 9, 27, 25
Route: 124 Stations: 1, 2, 3, 4, 19, 20, 21, 40, 39, 11, 12, 13, 14, 38, 37, 36, 35 Stops: 1, 3, 20, 39, 12, 13, 37, 36, 35
Route: 132 Stations: 2, 3, 4, 5, 6, 7 Stops: 2, 4, 5, 6, 7
Route: 134 Stations: 2, 3, 4, 5, 6, 7, 8, 9 Stops: 2, 3, 5, 7, 8, 9
Route: 135 Stations: 2, 3, 4, 5, 6, 7, 8, 9, 10 Stops: 2, 5, 6, 10
Route: 139 Stations: 2, 3, 4, 5, 6, 7, 8, 9, 10, 11, 12, 13, 14 Stops: 2, 5, 6, 8, 9, 13, 14
Route: 155 Stations: 2, 3, 4, 5, 6, 7, 8, 9, 10, 11, 39, 40, 21, 29, 30 Stops: 2, 3, 5, 7, 10, 11, 40, 29, 30
Route: 157 Stations: 2, 3, 4, 5, 6, 7, 8, 9, 10, 11, 39, 40, 21, 29, 30, 31, 32 Stops: 2, 3, 4, 5, 7, 10, 11, 39, 21, 30, 32
Route: 158 Stations: 2, 3, 4, 5, 6, 7, 8, 9, 10, 11, 39, 40, 21, 29, 30, 31, 32, 33 Stops: 2, 3, 4, 5, 7, 8, 9, 11, 29, 30, 31, 32, 33
Route: 167 Stations: 2, 3, 4, 5, 6, 7, 8, 27, 26, 28, 29, 21 Stops: 2, 5, 6, 7, 8, 27, 21
Route: 171 Stations: 2, 3, 4, 5, 6, 7, 8, 28, 29, 21, 20, 22, 23 Stops: 2, 3, 4, 29, 20, 22, 23
Route: 178 Stations: 2, 3, 4, 5, 6, 7, 8, 28, 29, 21, 30, 31, 32, 33, 40 Stops: 2, 4, 6, 21, 30, 32, 33, 40
Route: 206 Stations: 2, 3, 4, 19, 20, 21, 22, 23, 29, 28, 8, 7, 6 Stops: 2, 22, 28, 7, 6
Route: 208 Stations: 2, 3, 4, 19, 20, 21, 29, 28, 8, 7, 6, 9 Stops: 2, 3, 21, 29, 28, 8, 7, 9
Route: 239 Stations: 2, 3, 4, 19, 20, 21, 40, 39, 11, 10, 9, 8, 7, 6, 27, 26 Stops: 2, 4, 20, 40, 11, 10, 8, 26
Route: 262 Stations: 3, 2, 4, 5, 6, 7, 8, 9, 10, 11 Stops: 3, 5, 7, 8, 9, 11
Route: 276 Stations: 3, 4, 5, 6, 7, 8, 9, 10, 11, 39, 40, 21, 20, 22 Stops: 3, 4, 6, 7, 11, 40, 20, 22
Route: 301 Stations: 3, 4, 5, 6, 7, 8, 28, 29, 21, 22, 23, 30, 31, 32 Stops: 3, 4, 5, 6, 29, 21, 22, 30, 31, 32
Route: 313 Stations: 3, 4, 5, 6, 7, 8, 28, 29, 21, 40, 39, 11, 12, 13, 14, 38 Stops: 3, 8, 29, 21, 40, 13, 38
Route: 315 Stations: 3, 4, 5, 6, 7, 8, 28, 29, 21, 40, 39, 11, 12, 13, 14, 38, 37, 36 Stops: 3, 5, 6, 7, 40, 39, 12, 36
Route: 339 Stations: 3, 4, 19, 20, 21, 29, 28, 8, 7, 6, 9, 10, 11, 12, 13, 14 Stops: 3, 28, 8, 7, 9, 14
Route: 369 Stations: 3, 4, 19, 20, 21, 40, 39, 11, 10, 9, 8, 28, 12 Stops: 3, 20, 11, 10, 8, 12
Route: 376 Stations: 3, 4, 19, 20, 21, 40, 39, 11, 12, 13, 14, 38, 37, 36, 35 Stops: 3, 19, 39, 12, 37, 35
Route: 380 Stations: 4, 3, 2 Stops: 4, 3, 2
Route: 384 Stations: 4, 3, 2, 5, 6, 7 Stops: 4, 2, 6, 7
Route: 387 Stations: 4, 3, 2, 5, 6, 7, 8, 9, 10 Stops: 4, 3, 5, 6, 7, 8, 9, 10
Route: 397 Stations: 4, 5, 6, 7, 8, 9, 10, 11, 38, 37, 36, 39 Stops: 4, 7, 8, 36, 39
Route: 410 Stations: 4, 5, 6, 7, 8, 9, 10, 11, 39, 40, 21, 29, 30, 31, 32, 33 Stops: 4, 6, 9, 10, 11, 39, 29, 30, 31, 32, 33
Route: 422 Stations: 4, 5, 6, 7, 8, 28, 29, 21, 20, 22 Stops: 4, 5, 6, 22
Route: 424 Stations: 4, 5, 6, 7, 8, 28, 29, 21, 20, 22, 23, 24 Stops: 4, 5, 21, 20, 24
Route: 427 Stations: 4, 5, 6, 7, 8, 28, 29, 21, 22, 23, 30, 31, 32 Stops: 4, 6, 7, 8, 28, 21, 31, 32
Route: 431 Stations: 4, 5, 6, 7, 8, 28, 29, 21, 30, 31, 32, 33, 40, 39 Stops: 4, 5, 6, 7, 28, 29, 30, 31, 33, 40, 39
Route: 455 Stations: 4, 19, 20, 21, 22, 23, 29, 28 Stops: 4, 19, 21, 28
Route: 467 Stations: 4, 19, 20, 21, 29, 28, 8, 9, 10, 11, 12, 13, 14, 38 Stops: 4, 21, 8, 9, 13, 14, 38
Route: 468 Stations: 4, 19, 20, 21, 29, 28, 8, 9, 10, 11, 12, 13, 14, 38, 37 Stops: 4, 20, 21, 29, 28, 8, 10, 11, 12, 37
Route: 477 Stations: 4, 19, 20, 21, 29, 28, 8, 27, 26, 30, 31 Stops: 4, 19, 20, 21, 8, 27, 26, 31
Route: 483 Stations: 4, 19, 20, 21, 30, 31, 32, 33, 40, 39, 11 Stops: 4, 19, 30, 33, 11
Route: 487 Stations: 4, 19, 20, 21, 30, 31, 32, 33, 40, 39, 11, 10, 9, 8, 7 Stops: 4, 19, 20, 21, 30, 31, 40, 11, 7
Route: 488 Stations: 4, 19, 20, 21, 30, 31, 32, 33, 40, 39, 11, 10, 9, 8, 7, 6 Stops: 4, 19, 20, 21, 30, 40, 39, 10, 6
Route: 495 Stations: 4, 19, 20, 21, 40, 39, 11, 10, 9, 8, 28, 12 Stops: 4, 19, 21, 39, 28, 12
Route: 497 Stations: 4, 19, 20, 21, 40, 39, 11, 10, 9, 8, 28, 12, 13, 14 Stops: 4, 20, 40, 11, 10, 28, 13, 14
Route: 516 Stations: 5, 4, 18, 17, 19, 20, 21, 22, 23 Stops: 5, 19, 22, 23
Route: 519 Stations: 5, 4, 19, 20, 21, 22, 23, 29, 28 Stops: 5, 4, 19, 21, 22, 23, 29, 28
Route: 536 Stations: 5, 4, 19, 20, 21, 29, 28, 8, 9, 10, 11, 39, 27 Stops: 5, 4, 21, 28, 8, 9, 39, 27
Route: 542 Stations: 5, 4, 19, 20, 21, 29, 28, 8, 27, 26, 30, 31, 32, 33 Stops: 5, 20, 21, 28, 27, 26, 30, 33
Route: 554 Stations: 5, 4, 19, 20, 21, 40, 39, 11, 10, 9, 8, 7, 27, 26, 25 Stops: 5, 19, 21, 39, 11, 10, 9, 8, 26, 25
Route: 580 Stations: 5, 6, 7, 8, 9, 10, 11, 12, 13, 14, 38, 37, 36, 35 Stops: 5, 6, 7, 9, 12, 38, 36, 35
Route: 590 Stations: 5, 6, 7, 8, 9, 10, 11, 39, 40, 21, 20, 19, 4, 3, 2, 18 Stops: 5, 9, 39, 20, 19, 2, 18
Route: 634 Stations: 5, 6, 7, 8, 28, 29, 21, 40, 39, 11, 10, 12, 13 Stops: 5, 7, 8, 29, 21, 39, 12, 13
Route: 635 Stations: 5, 6, 7, 8, 28, 29, 21, 40, 39, 11, 10, 12, 13, 14 Stops: 5, 28, 29, 21, 12, 13, 14
Route: 637 Stations: 5, 6, 7, 8, 28, 29, 21, 40, 39, 11, 12, 13, 14, 38 Stops: 5, 6, 8, 28, 40, 38
Route: 649 Stations: 6, 5, 4, 3, 2, 18, 17 Stops: 6, 5, 4, 3, 2, 18, 17
Route: 655 Stations: 6, 5, 4, 18, 17, 19, 20, 21, 22, 23 Stops: 6, 5, 23
Route: 683 Stations: 6, 5, 4, 19, 20, 21, 30, 31, 32, 33, 40, 39 Stops: 6, 5, 19, 20, 21, 32, 39
Route: 684 Stations: 6, 5, 4, 19, 20, 21, 30, 31, 32, 33, 40, 39, 11 Stops: 6, 4, 20, 21, 33, 11
Route: 685 Stations: 6, 5, 4, 19, 20, 21, 30, 31, 32, 33, 40, 39, 11, 10 Stops: 6, 4, 21, 32, 33, 10
Route: 689 Stations: 6, 5, 4, 19, 20, 21, 40, 39, 11, 10, 9, 8, 27 Stops: 6, 5, 20, 40, 10, 9, 8, 27
Route: 690 Stations: 6, 5, 4, 19, 20, 21, 40, 39, 11, 10, 9, 8, 27, 26 Stops: 6, 5, 4, 20, 40, 39, 9, 8, 27, 26
Route: 695 Stations: 6, 5, 4, 19, 20, 21, 40, 39, 11, 10, 9, 8, 28, 12, 13 Stops: 6, 4, 19, 21, 40, 8, 12, 13
Route: 696 Stations: 6, 5, 4, 19, 20, 21, 40, 39, 11, 10, 9, 8, 28, 12, 13, 14 Stops: 6, 4, 20, 21, 11, 10, 9, 28, 13, 14
Route: 714 Stations: 6, 7, 8, 9, 10, 11, 12, 13, 14, 38, 37 Stops: 6, 9, 11, 13, 37
Route: 728 Stations: 6, 7, 8, 9, 10, 11, 39, 40, 21, 20, 19, 4, 18, 17 Stops: 6, 40, 21, 19, 18, 17
Route: 732 Stations: 6, 7, 8, 9, 10, 11, 39, 40, 21, 20, 19, 4, 18, 17, 22, 23, 24 Stops: 6, 7, 8, 9, 10, 11, 39, 21, 20, 19, 18, 17, 22, 23, 24
Route: 734 Stations: 6, 7, 8, 9, 10, 11, 39, 40, 21, 22, 23, 29, 28 Stops: 6, 7, 9, 11, 40, 22, 23, 29, 28
Route: 741 Stations: 6, 7, 8, 9, 10, 11, 39, 40, 21, 30, 31, 32, 33, 41, 42 Stops: 6, 9, 39, 33, 42
Route: 745 Stations: 6, 7, 8, 27, 26, 28 Stops: 6, 8, 26, 28
Route: 746 Stations: 6, 7, 8, 27, 26, 28, 29 Stops: 6, 7, 8, 28, 29
Route: 747 Stations: 6, 7, 8, 27, 26, 28, 29, 21 Stops: 6, 7, 27, 28, 21
Route: 753 Stations: 6, 7, 8, 27, 26, 28, 29, 21, 20, 19, 4, 3, 2, 1 Stops: 6, 7, 27, 28, 21, 19, 3, 1
Route: 761 Stations: 6, 7, 8, 28, 29, 21, 22, 23, 30 Stops: 6, 7, 8, 29, 21, 22, 23, 30
Route: 768 Stations: 6, 7, 8, 28, 29, 21, 30, 31, 32, 33, 40, 39, 11 Stops: 6, 7, 31, 33, 40, 39, 11
Route: 771 Stations: 6, 7, 8, 28, 29, 21, 40, 39, 11, 10, 12 Stops: 6, 7, 28, 29, 40, 10, 12
Route: 795 Stations: 7, 6, 5, 4, 18, 17, 19, 20, 21, 22, 23, 24 Stops: 7, 17, 19, 23, 24
Route: 823 Stations: 7, 6, 5, 4, 19, 20, 21, 30, 31, 32, 33, 40, 39, 11, 10 Stops: 7, 6, 30, 32, 10
Route: 824 Stations: 7, 6, 5, 4, 19, 20, 21, 30, 31, 32, 33, 40, 39, 11, 10, 9 Stops: 7, 6, 5, 21, 32, 40, 39, 11, 10, 9
Route: 835 Stations: 7, 6, 5, 4, 19, 20, 21, 40, 39, 11, 12, 13, 14, 38 Stops: 7, 5, 4, 19, 20, 40, 39, 11, 12, 13, 14, 38
Route: 842 Stations: 7, 6, 5, 4, 19, 20, 21, 41, 8, 9 Stops: 7, 19, 20, 21, 41, 9
Route: 866 Stations: 7, 8, 9, 10, 11, 39, 40, 21, 20, 19, 4, 5, 18, 17, 16 Stops: 7, 8, 9, 10, 39, 40, 20, 19, 17, 16
Route: 869 Stations: 7, 8, 9, 10, 11, 39, 40, 21, 20, 19, 4, 18, 17, 22, 23, 24 Stops: 7, 8, 11, 40, 20, 19, 18, 23, 24
Route: 872 Stations: 7, 8, 9, 10, 11, 39, 40, 21, 29, 30 Stops: 7, 11, 29, 30
Route: 906 Stations: 7, 8, 28, 29, 21, 30, 31, 32, 33, 40, 39, 11 Stops: 7, 28, 29, 30, 31, 32, 40, 11
Route: 916 Stations: 7, 8, 28, 29, 21, 40, 39, 11, 12, 13, 14, 38, 37, 36, 35 Stops: 7, 8, 28, 29, 40, 39, 11, 36, 35
Route: 923 Stations: 8, 7, 6, 5, 4, 3 Stops: 8, 4, 3
Route: 964 Stations: 8, 9, 10, 11, 12, 13, 14, 38 Stops: 8, 10, 38
Route: 981 Stations: 8, 9, 10, 11, 39, 40, 21, 20, 19, 4, 5, 6, 18, 17 Stops: 8, 9, 10, 40, 20, 18, 17
Route: 983 Stations: 8, 9, 10, 11, 39, 40, 21, 20, 19, 4, 18, 17, 22 Stops: 8, 9, 10, 11, 19, 18, 22
Route: 989 Stations: 8, 9, 10, 11, 39, 40, 21, 29, 30, 31 Stops: 8, 9, 10, 11, 40, 21, 29, 30, 31
Route: 992 Stations: 8, 9, 10, 11, 39, 40, 21, 29, 30, 31, 32, 33, 34 Stops: 8, 40, 29, 31, 32, 33, 34
Route: 998 Stations: 8, 27, 26, 28 Stops: 8, 27, 26, 28
Route: 1002 Stations: 8, 27, 26, 28, 29, 21, 20, 19 Stops: 8, 27, 21, 19
Route: 1008 Stations: 8, 28, 29, 21, 20, 19, 4, 3, 2, 5, 6 Stops: 8, 29, 4, 2, 6
Route: 1013 Stations: 8, 28, 29, 21, 20, 19, 4, 18, 17, 22 Stops: 8, 21, 4, 17, 22
Route: 1022 Stations: 8, 28, 29, 21, 30, 31, 32, 33, 40, 39 Stops: 8, 28, 29, 31, 40, 39
Route: 1029 Stations: 8, 28, 29, 21, 40, 39, 11, 10, 12, 13, 14, 15 Stops: 8, 28, 29, 40, 39, 10, 12, 13, 15
Route: 1033 Stations: 8, 28, 29, 21, 40, 39, 11, 12, 13, 14, 38, 37, 36, 35 Stops: 8, 21, 12, 38, 36, 35
Route: 1035 Stations: 8, 28, 29, 21, 40, 39, 11, 38, 37, 36, 41, 42 Stops: 8, 28, 29, 21, 39, 11, 38, 37, 42
Route: 1041 Stations: 9, 8, 7, 6, 5, 4, 3 Stops: 9, 3
Route: 1044 Stations: 9, 8, 7, 6, 5, 4, 3, 2, 18 Stops: 9, 6, 5, 4, 3, 18
Route: 1049 Stations: 9, 8, 7, 6, 5, 4, 18, 17, 19, 20, 21 Stops: 9, 7, 6, 5, 21
Route: 1070 Stations: 9, 8, 7, 6, 5, 4, 19, 20, 21, 40, 39, 11, 12, 13, 14, 38, 37, 36 Stops: 9, 7, 5, 19, 20, 21, 39, 14, 38, 37, 36
Route: 1081 Stations: 9, 8, 27, 26, 28, 29, 21, 20, 19 Stops: 9, 8, 26, 21, 20, 19
Route: 1088 Stations: 9, 8, 28, 29, 21, 20, 19, 4, 3, 2, 5, 6, 7 Stops: 9, 28, 21, 2, 6, 7
Route: 1091 Stations: 9, 8, 28, 29, 21, 20, 19, 4, 5, 6, 18, 17, 16 Stops: 9, 28, 21, 4, 18, 17, 16
Route: 1095 Stations: 9, 8, 28, 29, 21, 22, 23, 30 Stops: 9, 29, 21, 22, 30
Route: 1110 Stations: 9, 8, 28, 29, 21, 40, 39, 11, 12, 13, 14, 38, 37, 36 Stops: 9, 8, 29, 39, 11, 12, 14, 36
Route: 1112 Stations: 9, 8, 28, 29, 21, 40, 39, 11, 38, 37, 36, 41 Stops: 9, 8, 28, 37, 41
Route: 1113 Stations: 9, 8, 28, 29, 21, 40, 39, 11, 38, 37, 36, 41, 42 Stops: 9, 40, 11, 38, 37, 36, 42
Route: 1125 Stations: 9, 10, 11, 38, 37, 36, 39, 40 Stops: 9, 11, 37, 39, 40
Route: 1126 Stations: 9, 10, 11, 38, 37, 36, 39, 40, 21 Stops: 9, 10, 38, 39, 21
Route: 1128 Stations: 9, 10, 11, 38, 37, 36, 39, 40, 21, 20, 19 Stops: 9, 11, 20, 19
Route: 1158 Stations: 9, 10, 11, 39, 40, 21, 29, 28, 8, 7, 6, 5, 4, 3, 2, 18 Stops: 9, 10, 39, 29, 28, 8, 7, 4, 2, 18
Route: 1184 Stations: 10, 9, 8, 7, 6, 5, 4, 3, 2, 18, 17, 16 Stops: 10, 8, 6, 4, 18, 16
Route: 1191 Stations: 10, 9, 8, 7, 6, 5, 4, 19, 20, 21, 22, 23, 29 Stops: 10, 6, 21, 22, 29
Route: 1199 Stations: 10, 9, 8, 7, 6, 5, 4, 19, 20, 21, 30, 31, 32, 33, 40, 39 Stops: 10, 8, 7, 6, 5, 20, 30, 31, 32, 39
Route: 1205 Stations: 10, 9, 8, 7, 6, 5, 4, 19, 20, 21, 40, 39, 11, 12, 13, 14, 38 Stops: 10, 9, 7, 4, 20, 21, 14, 38
Route: 1207 Stations: 10, 9, 8, 7, 6, 5, 4, 19, 20, 21, 40, 39, 11, 12, 13, 14, 38, 37, 36 Stops: 10, 9, 8, 7, 5, 4, 39, 11, 12, 13, 14, 38, 36
Route: 1212 Stations: 10, 9, 8, 7, 6, 5, 4, 19, 20, 21, 41, 27, 26 Stops: 10, 9, 6, 5, 4, 21, 27, 26
Route: 1213 Stations: 10, 9, 8, 7, 6, 5, 4, 19, 20, 21, 41, 27, 26, 25 Stops: 10, 9, 6, 21, 27, 26, 25
Route: 1220 Stations: 10, 9, 8, 27, 26, 28, 29, 21, 20, 19, 4, 3 Stops: 10, 8, 26, 19, 4, 3
Route: 1241 Stations: 10, 9, 8, 28, 29, 21, 30, 31, 32, 33, 40, 39, 11, 12, 13 Stops: 10, 8, 29, 30, 32, 40, 11, 12, 13
Route: 1251 Stations: 10, 9, 8, 28, 29, 21, 41, 11, 12 Stops: 10, 28, 21, 11, 12
Route: 1266 Stations: 10, 11, 38, 37, 36, 39, 40, 21, 20, 19, 4, 3, 2 Stops: 10, 11, 37, 39, 40, 20, 19, 2
Route: 1278 Stations: 10, 11, 39, 40, 21, 20, 19, 4, 5, 6, 7, 8, 28, 18 Stops: 10, 39, 8, 28, 18
Route: 1280 Stations: 10, 11, 39, 40, 21, 20, 19, 4, 5, 6, 7, 8, 28, 18, 17, 16 Stops: 10, 11, 39, 40, 5, 7, 28, 16
Route: 1284 Stations: 10, 11, 39, 40, 21, 22, 23, 29 Stops: 10, 39, 40, 29
Route: 1290 Stations: 10, 11, 39, 40, 21, 22, 23, 29, 28, 8, 7, 6, 5, 4 Stops: 10, 40, 21, 22, 28, 8, 7, 6, 5, 4
Route: 1317 Stations: 11, 10, 9, 8, 7, 6, 5, 4, 3 Stops: 11, 10, 8, 7, 4, 3
Route: 1364 Stations: 11, 10, 9, 8, 28, 29, 21, 22, 23, 30, 31, 32, 33 Stops: 11, 10, 9, 8, 28, 22, 31, 32, 33
Route: 1370 Stations: 11, 10, 9, 8, 28, 29, 21, 41, 12 Stops: 11, 9, 8, 28, 29, 12
Route: 1380 Stations: 11, 38, 37, 36, 39, 40, 21 Stops: 11, 38, 37, 39, 40, 21
Route: 1393 Stations: 11, 39, 40, 21, 20, 19, 4, 5, 6, 7, 8, 9, 27 Stops: 11, 39, 21, 20, 19, 4, 5, 7, 8, 9, 27
Route: 1402 Stations: 11, 39, 40, 21, 20, 19, 4, 18, 17, 22, 23 Stops: 11, 39, 40, 20, 19, 17, 22, 23
Route: 1407 Stations: 11, 39, 40, 21, 22, 23, 29, 28, 8, 7 Stops: 11, 22, 23, 29, 28, 7
Route: 1410 Stations: 11, 39, 40, 21, 22, 23, 29, 28, 8, 7, 6, 5, 4 Stops: 11, 39, 22, 23, 28, 6, 4
Route: 1412 Stations: 11, 39, 40, 21, 22, 23, 29, 28, 8, 7, 6, 5, 4, 3, 2 Stops: 11, 39, 40, 21, 29, 28, 4, 3, 2
Route: 1418 Stations: 11, 39, 40, 21, 29, 28, 8, 7, 6, 5, 4, 18, 17, 19, 20 Stops: 11, 39, 21, 29, 28, 8, 6, 5, 18, 20
Route: 1432 Stations: 12, 11, 10 Stops: 12, 10
Route: 1448 Stations: 12, 11, 10, 9, 8, 7, 6, 5, 4, 18, 17, 19, 20, 21, 22 Stops: 12, 11, 9, 6, 4, 20, 22
Route: 1451 Stations: 12, 11, 10, 9, 8, 7, 6, 5, 4, 19, 20, 21, 22, 23, 29 Stops: 12, 11, 8, 6, 19, 23, 29
Route: 1463 Stations: 12, 11, 10, 9, 8, 7, 6, 5, 4, 19, 20, 21, 41, 27, 26 Stops: 12, 10, 8, 4, 19, 20, 41, 26
Route: 1464 Stations: 12, 11, 10, 9, 8, 7, 6, 5, 4, 19, 20, 21, 41, 27, 26, 25 Stops: 12, 8, 21, 41, 27, 26, 25
Route: 1487 Stations: 12, 11, 10, 9, 8, 28, 29, 21, 22, 23, 30, 31, 32, 33, 34 Stops: 12, 11, 8, 28, 21, 23, 30, 33, 34
Route: 1488 Stations: 12, 11, 10, 9, 8, 28, 29, 21, 30, 31, 32, 33, 40 Stops: 12, 11, 9, 8, 21, 30, 32, 40
Route: 1494 Stations: 12, 11, 10, 9, 8, 28, 29, 21, 41, 38, 37, 36 Stops: 12, 11, 10, 9, 8, 28, 29, 41, 37, 36
Route: 1506 Stations: 12, 11, 39, 40, 21, 20, 19, 4, 3, 2, 5, 6 Stops: 12, 20, 19, 4, 3, 2, 6
Route: 1508 Stations: 12, 11, 39, 40, 21, 20, 19, 4, 3, 2, 5, 6, 7, 8 Stops: 12, 11, 40, 21, 4, 3, 7, 8
Route: 1515 Stations: 12, 11, 39, 40, 21, 20, 19, 4, 5, 6, 7, 8, 27, 26, 28, 29 Stops: 12, 11, 39, 20, 19, 4, 6, 7, 27, 26, 29
Route: 1522 Stations: 12, 11, 39, 40, 21, 22, 23, 29 Stops: 12, 40, 21, 23, 29
Route: 1535 Stations: 12, 11, 39, 40, 21, 29, 28, 8, 7, 6, 5, 4, 18, 17, 19 Stops: 12, 39, 29, 6, 5, 18, 17, 19
Route: 1536 Stations: 12, 11, 39, 40, 21, 29, 28, 8, 7, 6, 5, 4, 18, 17, 19, 20 Stops: 12, 8, 7, 6, 5, 17, 19, 20
Route: 1546 Stations: 12, 11, 39, 40, 21, 29, 28, 8, 27, 26, 30, 31, 32, 33, 34 Stops: 12, 11, 40, 21, 29, 27, 30, 34
Route: 1547 Stations: 12, 11, 39, 40, 21, 30, 31, 32, 33, 41 Stops: 12, 11, 40, 21, 30, 31, 41
Route: 1552 Stations: 13, 12 Stops: 13, 12
Route: 1556 Stations: 13, 12, 11, 10, 9, 8 Stops: 13, 12, 11, 10, 9, 8
Route: 1562 Stations: 13, 12, 11, 10, 9, 8, 7, 6, 5, 4, 3, 2 Stops: 13, 9, 7, 6, 5, 3, 2
Route: 1569 Stations: 13, 12, 11, 10, 9, 8, 7, 6, 5, 4, 18, 17, 19, 20, 21 Stops: 13, 9, 8, 17, 19, 21
Route: 1578 Stations: 13, 12, 11, 10, 9, 8, 7, 6, 5, 4, 19, 20, 21, 29, 30, 31, 32, 33 Stops: 13, 10, 7, 6, 5, 4, 19, 20, 30, 33
Route: 1630 Stations: 13, 12, 11, 39, 40, 21, 20, 19, 4, 3, 2, 5, 6, 7, 8 Stops: 13, 12, 40, 21, 19, 4, 3, 2, 5, 8
Route: 1646 Stations: 13, 12, 11, 39, 40, 21, 22, 23, 29, 28, 8 Stops: 13, 11, 40, 22, 23, 29, 8
Route: 1666 Stations: 13, 12, 11, 39, 40, 21, 29, 28, 8, 27, 26, 30, 31, 32 Stops: 13, 12, 39, 29, 28, 26, 32
Route: 1669 Stations: 13, 12, 11, 39, 40, 21, 30, 31, 32, 33, 41 Stops: 13, 12, 39, 40, 31, 32, 33, 41
Route: 1670 Stations: 13, 12, 11, 39, 40, 21, 30, 31, 32, 33, 41, 42 Stops: 13, 39, 30, 31, 32, 41, 42
Route: 1676 Stations: 14, 13, 12, 11, 10 Stops: 14, 13, 11, 10
Route: 1677 Stations: 14, 13, 12, 11, 10, 9 Stops: 14, 13, 11, 9
Route: 1690 Stations: 14, 13, 12, 11, 10, 9, 8, 7, 6, 5, 4, 18, 17, 19, 20 Stops: 14, 13, 12, 11, 10, 9, 17, 20
Route: 1697 Stations: 14, 13, 12, 11, 10, 9, 8, 7, 6, 5, 4, 19, 20, 21, 29, 30 Stops: 14, 13, 12, 19, 29, 30
Route: 1704 Stations: 14, 13, 12, 11, 10, 9, 8, 7, 6, 5, 4, 19, 20, 21, 40, 41 Stops: 14, 11, 10, 9, 5, 4, 40, 41
Route: 1707 Stations: 14, 13, 12, 11, 10, 9, 8, 7, 6, 5, 4, 19, 20, 21, 41, 27, 26 Stops: 14, 13, 12, 10, 8, 7, 5, 4, 19, 20, 21, 41, 26
Route: 1713 Stations: 14, 13, 12, 11, 10, 9, 8, 27, 26, 28, 29, 21, 20, 19 Stops: 14, 11, 27, 28, 29, 19
Route: 1746 Stations: 14, 13, 12, 11, 38, 37, 36, 39, 40, 21, 20, 19, 4, 3 Stops: 14, 11, 40, 21, 20, 19, 3
Route: 1757 Stations: 14, 13, 12, 11, 39, 40, 21, 20, 19, 4, 5, 6, 7, 8, 9, 27, 26, 25 Stops: 14, 13, 19, 6, 8, 25
Route: 1758 Stations: 14, 13, 12, 11, 39, 40, 21, 20, 19, 4, 5, 6, 7, 8, 27, 26, 28 Stops: 14, 12, 11, 40, 20, 19, 5, 6, 7, 8, 27, 28
Route: 1765 Stations: 14, 13, 12, 11, 39, 40, 21, 20, 19, 4, 18, 17, 22, 23, 24 Stops: 14, 12, 11, 18, 17, 22, 24
Route: 1774 Stations: 14, 13, 12, 11, 39, 40, 21, 22, 23, 29, 28, 8, 7, 6, 5, 4, 3, 2 Stops: 14, 13, 40, 23, 29, 7, 6, 2
Route: 1780 Stations: 14, 13, 12, 11, 39, 40, 21, 29, 28, 8, 7, 6, 5, 4, 18, 17, 19, 20 Stops: 14, 39, 21, 29, 8, 6, 17, 20
Route: 1781 Stations: 14, 13, 12, 11, 39, 40, 21, 29, 28, 8, 7, 6, 5, 4, 19, 9 Stops: 14, 13, 11, 39, 40, 7, 9
Route: 1784 Stations: 14, 13, 12, 11, 39, 40, 21, 29, 28, 8, 9, 27, 26 Stops: 14, 13, 11, 39, 21, 28, 8, 26
Route: 1793 Stations: 14, 13, 12, 11, 39, 40, 21, 41, 15 Stops: 14, 13, 39, 15
Route: 1795 Stations: 15, 14, 13 Stops: 15, 14, 13
Route: 1815 Stations: 15, 14, 13, 12, 11, 10, 9, 8, 7, 6, 5, 4, 18, 17, 19, 20, 21, 22, 23 Stops: 15, 12, 9, 7, 5, 18, 17, 19, 20, 21, 22, 23
Route: 1817 Stations: 15, 14, 13, 12, 11, 10, 9, 8, 7, 6, 5, 4, 19, 20, 21, 22, 23, 29 Stops: 15, 10, 9, 8, 7, 19, 22, 23, 29
Route: 1824 Stations: 15, 14, 13, 12, 11, 10, 9, 8, 7, 6, 5, 4, 19, 20, 21, 30, 31, 32, 33, 40 Stops: 15, 12, 11, 9, 8, 5, 19, 20, 31, 33, 40
Route: 1830 Stations: 15, 14, 13, 12, 11, 10, 9, 8, 7, 6, 5, 4, 19, 20, 21, 41, 27, 26, 25 Stops: 15, 14, 12, 8, 7, 6, 5, 4, 19, 20, 21, 41, 27, 26, 25
Route: 1840 Stations: 15, 14, 13, 12, 11, 10, 9, 8, 28, 29, 21, 20, 19, 4, 3, 2, 5 Stops: 15, 13, 12, 10, 9, 28, 29, 21, 20, 19, 3, 2, 5
Route: 1842 Stations: 15, 14, 13, 12, 11, 10, 9, 8, 28, 29, 21, 20, 19, 4, 3, 2, 5, 6, 7 Stops: 15, 13, 11, 10, 8, 28, 21, 20, 7
Route: 1843 Stations: 15, 14, 13, 12, 11, 10, 9, 8, 28, 29, 21, 20, 19, 4, 5, 6, 18 Stops: 15, 14, 10, 9, 8, 29, 21, 18
Route: 1844 Stations: 15, 14, 13, 12, 11, 10, 9, 8, 28, 29, 21, 20, 19, 4, 5, 6, 18, 17 Stops: 15, 13, 12, 11, 10, 9, 8, 28, 19, 4, 17
Route: 1846 Stations: 15, 14, 13, 12, 11, 10, 9, 8, 28, 29, 21, 20, 19, 4, 18, 17, 22 Stops: 15, 14, 10, 9, 8, 28, 20, 19, 18, 22
Route: 1858 Stations: 15, 14, 13, 12, 11, 10, 9, 8, 28, 29, 21, 41, 38 Stops: 15, 11, 9, 8, 41, 38
Route: 1871 Stations: 15, 14, 13, 12, 11, 39, 40, 21, 20, 19, 4, 3, 2, 5 Stops: 15, 14, 13, 12, 11, 40, 20, 4, 3, 5
Route: 1896 Stations: 15, 14, 13, 12, 11, 39, 40, 21, 22, 23, 29, 28, 8, 7, 6, 5, 4, 3, 2 Stops: 15, 13, 11, 29, 28, 8, 7, 4, 3, 2
Route: 1902 Stations: 15, 14, 13, 12, 11, 39, 40, 21, 29, 28, 8, 7, 6, 5, 4, 18, 17, 19, 20 Stops: 15, 28, 6, 20
Route: 1906 Stations: 15, 14, 13, 12, 11, 39, 40, 21, 29, 28, 8, 9, 27, 26 Stops: 15, 14, 39, 21, 29, 28, 9, 27, 26
Route: 1926 Stations: 16, 17, 18, 4, 3, 2, 5, 6, 7, 8, 9, 10 Stops: 16, 4, 3, 2, 6, 9, 10
Route: 1930 Stations: 16, 17, 18, 4, 3, 2, 5, 6, 7, 8, 9, 10, 11, 12, 13, 14 Stops: 16, 17, 4, 2, 6, 8, 9, 11, 13, 14
Route: 1940 Stations: 16, 17, 18, 4, 5, 6, 7, 8, 9, 10, 11, 38, 37, 36, 39, 40, 21, 20, 19 Stops: 16, 18, 4, 5, 6, 9, 10, 40, 20, 19
Route: 1953 Stations: 16, 17, 18, 4, 5, 6, 7, 8, 9, 10, 11, 39, 40, 21, 41, 27 Stops: 16, 17, 18, 4, 8, 11, 39, 41, 27
Route: 1961 Stations: 16, 17, 18, 4, 5, 6, 7, 8, 28, 29, 21, 20, 22 Stops: 16, 17, 18, 6, 7, 8, 29, 20, 22
Route: 1975 Stations: 16, 17, 18, 4, 5, 6, 7, 8, 28, 29, 21, 40, 39, 11, 10, 12, 13 Stops: 16, 18, 6, 7, 29, 21, 39, 13
Route: 2046 Stations: 17, 18, 4, 5, 6, 7, 8, 28, 29, 21, 40, 39, 11, 10, 12, 13 Stops: 17, 4, 5, 6, 8, 21, 40, 39, 13
Route: 2048 Stations: 17, 18, 4, 5, 6, 7, 8, 28, 29, 21, 40, 39, 11, 10, 12, 13, 14, 15 Stops: 17, 4, 5, 7, 21, 11, 15
Route: 2052 Stations: 17, 18, 4, 5, 6, 7, 8, 28, 29, 21, 40, 39, 11, 12, 13, 14, 38, 37, 36, 35 Stops: 17, 18, 4, 6, 7, 40, 39, 37, 36, 35
Route: 2062 Stations: 18, 4, 3, 2, 5, 6 Stops: 18, 3, 2, 5, 6
Route: 2064 Stations: 18, 4, 3, 2, 5, 6, 7, 8 Stops: 18, 4, 2, 7, 8
Route: 2068 Stations: 18, 4, 3, 2, 5, 6, 7, 8, 9, 10, 11, 12 Stops: 18, 4, 3, 10, 12
Route: 2071 Stations: 18, 4, 3, 2, 5, 6, 7, 8, 9, 10, 11, 12, 13, 14, 15 Stops: 18, 4, 5, 6, 8, 9, 11, 13, 15
Route: 2074 Stations: 18, 4, 5, 6, 7, 8, 9, 10, 11, 12, 13, 14, 38, 37, 36 Stops: 18, 4, 5, 6, 7, 8, 10, 11, 12, 14, 37, 36
Route: 2080 Stations: 18, 4, 5, 6, 7, 8, 9, 10, 11, 38, 37, 36, 39, 40, 21, 20, 19 Stops: 18, 5, 6, 7, 9, 11, 38, 37, 39, 40, 21, 19
Route: 2098 Stations: 18, 4, 5, 6, 7, 8, 27, 26, 28, 29, 21 Stops: 18, 4, 7, 26, 29, 21
Route: 2101 Stations: 18, 4, 5, 6, 7, 8, 28, 29, 21, 20, 22 Stops: 18, 4, 5, 6, 22
Route: 2102 Stations: 18, 4, 5, 6, 7, 8, 28, 29, 21, 20, 22, 23 Stops: 18, 6, 8, 28, 21, 22, 23
Route: 2106 Stations: 18, 4, 5, 6, 7, 8, 28, 29, 21, 22, 23, 30, 31, 32 Stops: 18, 5, 7, 21, 23, 30, 31, 32
Route: 2107 Stations: 18, 4, 5, 6, 7, 8, 28, 29, 21, 22, 23, 30, 31, 32, 33 Stops: 18, 4, 5, 32, 33
Route: 2144 Stations: 19, 4, 5, 6, 7, 8, 9, 10, 11, 12, 13, 14, 38, 37 Stops: 19, 8, 9, 10, 11, 12, 13, 14, 38, 37
Route: 2162 Stations: 19, 4, 5, 6, 7, 8, 9, 10, 11, 39, 40, 21, 30, 31, 32, 33, 41, 42 Stops: 19, 4, 6, 9, 10, 39, 40, 33, 42
Route: 2164 Stations: 19, 4, 5, 6, 7, 8, 9, 10, 11, 39, 40, 21, 41, 27, 26 Stops: 19, 4, 5, 8, 10, 11, 39, 26
Route: 2175 Stations: 19, 4, 5, 6, 7, 8, 28, 29, 21, 22, 23, 30, 31, 32 Stops: 19, 4, 5, 6, 7, 8, 22, 23, 30, 31, 32
Route: 2185 Stations: 19, 4, 5, 6, 7, 8, 28, 29, 21, 40, 39, 11, 10, 12, 13, 14 Stops: 19, 4, 5, 7, 40, 11, 12, 14
Route: 2186 Stations: 19, 4, 5, 6, 7, 8, 28, 29, 21, 40, 39, 11, 10, 12, 13, 14, 15 Stops: 19, 5, 6, 7, 29, 39, 11, 13, 14, 15
Route: 2190 Stations: 19, 4, 5, 6, 7, 8, 28, 29, 21, 40, 39, 11, 12, 13, 14, 38, 37, 36, 35 Stops: 19, 4, 7, 8, 28, 29, 13, 38, 36, 35
Route: 2195 Stations: 19, 4, 5, 6, 7, 8, 28, 29, 21, 41, 18, 17, 16 Stops: 19, 4, 7, 8, 29, 21, 16
Route: 2201 Stations: 19, 20, 21, 22, 23, 29 Stops: 19, 21, 23, 29
Route: 2205 Stations: 19, 20, 21, 22, 23, 29, 28, 8, 7, 6 Stops: 19, 20, 21, 22, 23, 28, 8, 6
Route: 2206 Stations: 19, 20, 21, 22, 23, 29, 28, 8, 7, 6, 5 Stops: 19, 20, 23, 29, 7, 6, 5
Route: 2208 Stations: 19, 20, 21, 22, 23, 29, 28, 8, 7, 6, 5, 4, 3 Stops: 19, 21, 23, 6, 5, 4, 3
Route: 2223 Stations: 19, 20, 21, 29, 28, 8, 9, 10, 11, 12, 13, 14, 38, 37, 36 Stops: 19, 20, 21, 10, 12, 13, 14, 38, 37, 36
Route: 2227 Stations: 19, 20, 21, 29, 28, 8, 9, 10, 11, 39, 27 Stops: 19, 20, 21, 8, 27
Route: 2259 Stations: 19, 20, 21, 40, 39, 11, 10, 9, 8, 28, 12, 13, 14, 15 Stops: 19, 39, 11, 10, 28, 13, 14, 15
Route: 2274 Stations: 20, 19, 4, 3, 2, 5, 6, 7, 8 Stops: 20, 6, 8
Route: 2280 Stations: 20, 19, 4, 3, 2, 5, 6, 7, 8, 9, 10, 11, 12, 13, 14 Stops: 20, 19, 4, 3, 2, 5, 7, 12, 14
Route: 2299 Stations: 20, 19, 4, 5, 6, 7, 8, 9, 10, 11, 39, 40, 21, 30, 31, 32, 33, 41 Stops: 20, 4, 7, 9, 39, 41
Route: 2308 Stations: 20, 19, 4, 5, 6, 7, 8, 27, 26, 28, 29, 21, 22, 23 Stops: 20, 19, 4, 5, 8, 27, 29, 23
Route: 2316 Stations: 20, 19, 4, 5, 6, 7, 8, 28, 29, 21, 30, 31, 32, 33, 40, 39 Stops: 20, 19, 21, 30, 32, 39
Route: 2322 Stations: 20, 19, 4, 5, 6, 7, 8, 28, 29, 21, 40, 39, 11, 10, 12, 13, 14 Stops: 20, 19, 4, 5, 6, 28, 29, 40, 39, 10, 13, 14
Route: 2346 Stations: 20, 21, 22, 23, 29, 28, 8, 7, 6, 5, 4, 3, 2, 1 Stops: 20, 22, 23, 6, 4, 3, 2, 1
Route: 2347 Stations: 20, 21, 29, 28, 8, 7, 6, 5, 4, 3, 2, 18 Stops: 20, 21, 28, 8, 7, 2, 18
Route: 2361 Stations: 20, 21, 29, 28, 8, 9, 10, 11, 12, 13, 14, 38, 37, 36, 35 Stops: 20, 29, 8, 10, 11, 12, 13, 37, 36, 35
Route: 2376 Stations: 20, 21, 30, 31, 32, 33, 40, 39, 11, 10, 9 Stops: 20, 30, 32, 33, 40, 9
Route: 2401 Stations: 20, 21, 40, 39, 11, 12, 13, 14, 38, 37, 36, 35 Stops: 20, 40, 39, 37, 35
Route: 2409 Stations: 21, 20, 19, 4, 3, 2, 1 Stops: 21, 20, 19, 4, 3, 1
Route: 2419 Stations: 21, 20, 19, 4, 3, 2, 5, 6, 7, 8, 9, 10, 11, 12, 13, 14 Stops: 21, 20, 19, 2, 5, 9, 11, 12, 14
Route: 2426 Stations: 21, 20, 19, 4, 5, 6, 7, 8, 9, 10, 11, 38, 37, 36, 39, 40 Stops: 21, 6, 7, 8, 10, 11, 39, 40
Route: 2429 Stations: 21, 20, 19, 4, 5, 6, 7, 8, 9, 10, 11, 39, 27, 26, 25 Stops: 21, 20, 19, 4, 5, 6, 7, 9, 11, 39, 26, 25
Route: 2435 Stations: 21, 20, 19, 4, 18, 17, 22 Stops: 21, 20, 4, 18, 22
Route: 2440 Stations: 21, 22, 23, 29, 28, 8 Stops: 21, 22, 29, 28, 8
Route: 2448 Stations: 21, 29, 28, 8, 7, 6, 5, 4, 3, 2, 18 Stops: 21, 29, 6, 5, 3, 18
Route: 2450 Stations: 21, 29, 28, 8, 7, 6, 5, 4, 3, 2, 18, 17, 16 Stops: 21, 7, 6, 3, 16
Route: 2481 Stations: 21, 30, 31, 32, 33, 40, 39, 11, 10, 9, 8, 7, 6 Stops: 21, 31, 33, 40, 39, 7, 6
Route: 2504 Stations: 21, 40, 39, 11, 12, 13, 14, 38, 37, 36, 35 Stops: 21, 40, 12, 13, 38, 36, 35
Route: 2517 Stations: 22, 21, 20, 19, 4, 3, 2, 5, 6, 7, 8 Stops: 22, 4, 3, 5, 6, 7, 8
Route: 2519 Stations: 22, 21, 20, 19, 4, 3, 2, 5, 6, 7, 8, 9, 10 Stops: 22, 21, 20, 3, 2, 5, 6, 10
Route: 2539 Stations: 22, 21, 20, 19, 4, 18, 17, 29 Stops: 22, 21, 20, 19, 4, 18, 17, 29
Route: 2542 Stations: 22, 21, 20, 19, 4, 18, 17, 29, 28, 8, 7 Stops: 22, 17, 29, 28, 8, 7
Route: 2543 Stations: 22, 21, 20, 19, 4, 18, 17, 29, 28, 8, 7, 6 Stops: 22, 21, 29, 28, 8, 7, 6
Route: 2557 Stations: 22, 21, 29, 28, 8, 9, 10, 11, 38, 37, 36, 39, 40 Stops: 22, 21, 8, 10, 11, 36, 40
Route: 2569 Stations: 22, 21, 30, 31, 32, 33, 40, 39, 11, 10 Stops: 22, 21, 30, 32, 40, 39, 11, 10
Route: 2571 Stations: 22, 21, 30, 31, 32, 33, 40, 39, 11, 10, 9, 8 Stops: 22, 21, 33, 40, 10, 9, 8
Route: 2610 Stations: 23, 22, 21, 20, 19, 4, 3, 2, 5, 6 Stops: 23, 21, 20, 19, 3, 6
Route: 2641 Stations: 23, 22, 21, 29, 28, 8, 7, 6, 9, 10 Stops: 23, 29, 28, 8, 6, 9, 10
Route: 2655 Stations: 23, 22, 21, 29, 28, 8, 9, 10, 11, 39, 27, 26, 25 Stops: 23, 21, 29, 10, 11, 27, 26, 25
Route: 2656 Stations: 23, 22, 21, 29, 28, 8, 27, 26, 30 Stops: 23, 22, 21, 29, 26, 30
Route: 2659 Stations: 23, 22, 21, 29, 28, 8, 27, 26, 30, 31, 32, 33 Stops: 23, 22, 21, 29, 28, 26, 30, 33
Route: 2660 Stations: 23, 22, 21, 29, 28, 8, 27, 26, 30, 31, 32, 33, 34 Stops: 23, 29, 28, 26, 31, 33, 34
Route: 2661 Stations: 23, 22, 21, 30, 31, 32, 33, 40 Stops: 23, 21, 31, 40
Route: 2666 Stations: 23, 22, 21, 30, 31, 32, 33, 40, 39, 11, 10, 9, 8 Stops: 23, 22, 21, 30, 32, 33, 40, 39, 10, 8
Route: 2694 Stations: 23, 22, 21, 41, 24 Stops: 23, 22, 21, 41, 24
Route: 2695 Stations: 24, 23 Stops: 24, 23
Route: 2702 Stations: 24, 23, 22, 21, 20, 19, 4, 3, 2 Stops: 24, 23, 21, 20, 4, 3, 2
Route: 2712 Stations: 24, 23, 22, 21, 20, 19, 4, 3, 2, 5, 6, 7, 8, 9, 10, 11, 12, 13 Stops: 24, 23, 20, 4, 3, 2, 7, 10, 13
Route: 2717 Stations: 24, 23, 22, 21, 20, 19, 4, 5, 6, 7, 8, 9, 10, 11, 12, 13, 14, 38, 37, 36 Stops: 24, 21, 4, 5, 6, 7, 8, 10, 11, 14, 38, 36
Route: 2720 Stations: 24, 23, 22, 21, 20, 19, 4, 5, 6, 7, 8, 9, 10, 11, 38, 37, 36, 39, 40 Stops: 24, 22, 21, 19, 6, 8, 9, 10, 11, 37, 36, 39, 40
Route: 2731 Stations: 24, 23, 22, 21, 20, 19, 4, 18, 17, 29, 28, 8 Stops: 24, 23, 22, 20, 18, 17, 8
Route: 2744 Stations: 24, 23, 22, 21, 29, 28, 8, 9, 10, 11, 12, 13, 14, 38, 37, 36 Stops: 24, 23, 8, 9, 11, 37, 36
Route: 2751 Stations: 24, 23, 22, 21, 29, 28, 8, 27, 26, 30 Stops: 24, 29, 28, 8, 27, 30
Route: 2752 Stations: 24, 23, 22, 21, 29, 28, 8, 27, 26, 30, 31 Stops: 24, 23, 21, 29, 28, 27, 31
Route: 2789 Stations: 25, 26 Stops: 25, 26
Route: 2792 Stations: 25, 26, 27, 8, 7 Stops: 25, 26, 27, 8, 7
Route: 2806 Stations: 25, 26, 27, 8, 7, 6, 5, 4, 18, 17, 19, 20, 21, 22, 23 Stops: 25, 26, 6, 17, 19, 21, 22, 23
Route: 2810 Stations: 25, 26, 27, 8, 7, 6, 5, 4, 19, 20, 21, 29, 30 Stops: 25, 27, 8, 5, 20, 21, 29, 30
Route: 2817 Stations: 25, 26, 27, 8, 7, 6, 5, 4, 19, 20, 21, 30, 31, 32, 33, 40, 39, 11 Stops: 25, 27, 7, 6, 4, 19, 20, 30, 31, 33, 39, 11
Route: 2830 Stations: 25, 26, 27, 8, 7, 6, 5, 4, 19, 20, 21, 41, 9 Stops: 25, 8, 7, 6, 5, 4, 19, 20, 9
Route: 2838 Stations: 25, 26, 27, 8, 9, 10, 11, 12, 13, 14, 38, 37 Stops: 25, 26, 27, 8, 37
Route: 2840 Stations: 25, 26, 27, 8, 9, 10, 11, 12, 13, 14, 38, 37, 36, 35 Stops: 25, 9, 12, 13, 38, 35
Route: 2854 Stations: 25, 26, 27, 8, 9, 10, 11, 39, 40, 21, 20, 19, 4, 5, 6, 18, 17 Stops: 25, 26, 27, 10, 11, 21, 6, 18, 17
Route: 2860 Stations: 25, 26, 27, 8, 9, 10, 11, 39, 40, 21, 22, 23, 29, 28 Stops: 25, 8, 11, 40, 29, 28
Route: 2884 Stations: 26, 27, 8, 7, 6, 5, 4, 18, 17, 19, 20 Stops: 26, 27, 7, 5, 4, 17, 19, 20
Route: 2886 Stations: 26, 27, 8, 7, 6, 5, 4, 18, 17, 19, 20, 21, 22 Stops: 26, 7, 6, 5, 4, 21, 22
Route: 2888 Stations: 26, 27, 8, 7, 6, 5, 4, 18, 17, 19, 20, 21, 22, 23, 24 Stops: 26, 27, 7, 6, 5, 4, 18, 23, 24
Route: 2890 Stations: 26, 27, 8, 7, 6, 5, 4, 19, 20, 21, 22, 23, 29, 28 Stops: 26, 27, 8, 5, 19, 22, 28
Route: 2904 Stations: 26, 27, 8, 7, 6, 5, 4, 19, 20, 21, 40, 39, 11, 10, 12, 13, 14, 15 Stops: 26, 8, 7, 6, 20, 21, 39, 10, 14, 15
Route: 2912 Stations: 26, 27, 8, 7, 6, 5, 4, 19, 20, 21, 41, 9, 10 Stops: 26, 6, 5, 21, 41, 10
Route: 2914 Stations: 26, 27, 8, 7, 6, 5, 4, 19, 20, 21, 41, 9, 10, 11, 12 Stops: 26, 27, 8, 6, 41, 10, 11, 12
Route: 2921 Stations: 26, 27, 8, 9, 10, 11, 12, 13, 14, 38, 37, 36, 35 Stops: 26, 27, 9, 10, 11, 13, 14, 38, 36, 35
Route: 2922 Stations: 26, 27, 8, 9, 10, 11, 38, 37, 36, 39 Stops: 26, 10, 37, 39
Route: 2923 Stations: 26, 27, 8, 9, 10, 11, 38, 37, 36, 39, 40 Stops: 26, 27, 9, 10, 37, 39, 40
Route: 2924 Stations: 26, 27, 8, 9, 10, 11, 38, 37, 36, 39, 40, 21 Stops: 26, 8, 10, 11, 39, 40, 21
Route: 2926 Stations: 26, 27, 8, 9, 10, 11, 38, 37, 36, 39, 40, 21, 20, 19 Stops: 26, 27, 8, 10, 38, 39, 40, 21, 19
Route: 2931 Stations: 26, 27, 8, 9, 10, 11, 39, 40, 21, 20, 19, 4, 3, 2, 5 Stops: 26, 9, 10, 11, 4, 2, 5
Route: 2936 Stations: 26, 27, 8, 9, 10, 11, 39, 40, 21, 20, 19, 4, 5, 6, 18, 17, 16 Stops: 26, 27, 10, 39, 40, 20, 19, 6, 18, 16
Route: 2947 Stations: 26, 27, 8, 9, 10, 11, 39, 40, 21, 30, 31, 32, 33, 41 Stops: 26, 27, 8, 40, 30, 31, 32, 41
Route: 2954 Stations: 27, 8, 7, 6, 5 Stops: 27, 8, 5
Route: 2959 Stations: 27, 8, 7, 6, 5, 4, 3, 2, 18 Stops: 27, 6, 4, 3, 2, 18
Route: 2964 Stations: 27, 8, 7, 6, 5, 4, 18, 17, 19, 20, 21 Stops: 27, 8, 4, 18, 17, 19, 20, 21
Route: 2977 Stations: 27, 8, 7, 6, 5, 4, 19, 20, 21, 30, 31, 32, 33, 40, 39, 11 Stops: 27, 8, 7, 5, 4, 21, 31, 32, 33, 40, 11
Route: 3021 Stations: 27, 8, 9, 10, 11, 39, 40, 21, 29, 30 Stops: 27, 11, 39, 40, 29, 30
Route: 3024 Stations: 27, 8, 9, 10, 11, 39, 40, 21, 29, 30, 31, 32, 33 Stops: 27, 8, 11, 39, 33
Route: 3032 Stations: 28, 8 Stops: 28, 8
Route: 3046 Stations: 28, 8, 7, 6, 5, 4, 18, 17, 19, 20, 21, 22 Stops: 28, 8, 7, 6, 5, 4, 18, 22
Route: 3048 Stations: 28, 8, 7, 6, 5, 4, 18, 17, 19, 20, 21, 22, 23, 24 Stops: 28, 8, 4, 17, 19, 20, 21, 23, 24
Route: 3058 Stations: 28, 8, 7, 6, 5, 4, 19, 20, 21, 30, 31, 32, 33, 40, 39, 11, 10 Stops: 28, 8, 6, 4, 19, 33, 11, 10
Route: 3062 Stations: 28, 8, 7, 6, 5, 4, 19, 20, 21, 40, 39, 11, 10, 12, 13, 14 Stops: 28, 7, 5, 10, 14
Route: 3071 Stations: 28, 8, 7, 6, 5, 4, 19, 20, 21, 41, 9, 10 Stops: 28, 7, 6, 19, 20, 21, 41, 9, 10
Route: 3104 Stations: 28, 8, 9, 10, 11, 39, 40, 21, 30, 31, 32, 33, 34 Stops: 28, 9, 10, 11, 40, 31, 32, 34
Route: 3105 Stations: 28, 8, 9, 10, 11, 39, 40, 21, 30, 31, 32, 33, 41 Stops: 28, 9, 10, 32, 41
Route: 3115 Stations: 28, 8, 27, 26, 29, 21, 20, 19, 4, 3 Stops: 28, 27, 26, 29, 19, 3
Route: 3139 Stations: 28, 29, 21, 20, 19, 4, 5, 6, 7, 8, 27, 26, 18, 17 Stops: 28, 29, 20, 19, 6, 7, 18, 17
Route: 3141 Stations: 28, 29, 21, 20, 19, 4, 18, 17, 22 Stops: 28, 20, 19, 18, 17, 22
Route: 3142 Stations: 28, 29, 21, 20, 19, 4, 18, 17, 22, 23 Stops: 28, 29, 21, 17, 23
Route: 3153 Stations: 28, 29, 21, 30, 31, 32, 33, 40, 39, 11, 10, 9 Stops: 28, 30, 31, 33, 40, 39, 10, 9
Route: 3160 Stations: 28, 29, 21, 30, 31, 32, 33, 40, 39, 11, 10, 9, 8, 7, 6, 5, 4, 3, 2 Stops: 28, 30, 31, 32, 33, 40, 39, 11, 8, 7, 6, 2
Route: 3178 Stations: 28, 29, 21, 40, 39, 11, 38, 37, 36, 41 Stops: 28, 29, 39, 38, 37, 41
Route: 3179 Stations: 28, 29, 21, 40, 39, 11, 38, 37, 36, 41, 42 Stops: 28, 21, 40, 39, 11, 38, 37, 36, 42
Route: 3186 Stations: 29, 21, 20, 19, 4, 3, 2, 1 Stops: 29, 21, 20, 19, 4, 3, 2, 1
Route: 3198 Stations: 29, 21, 20, 19, 4, 5, 6, 7, 8, 9, 10, 11, 12, 13, 14, 38 Stops: 29, 19, 4, 7, 8, 9, 10, 13, 38
Route: 3207 Stations: 29, 21, 20, 19, 4, 5, 6, 7, 8, 27, 26, 28 Stops: 29, 20, 19, 5, 27, 28
Route: 3209 Stations: 29, 21, 20, 19, 4, 5, 6, 7, 8, 18, 17 Stops: 29, 21, 19, 5, 6, 7, 18, 17
Route: 3211 Stations: 29, 21, 20, 19, 4, 18, 17, 22 Stops: 29, 20, 19, 22
Route: 3217 Stations: 29, 21, 22, 23, 30, 31, 32, 33 Stops: 29, 22, 30, 31, 32, 33
Route: 3221 Stations: 29, 21, 30, 31, 32, 33, 40, 39, 11 Stops: 29, 30, 32, 33, 11
Route: 3230 Stations: 29, 21, 30, 31, 32, 33, 40, 39, 11, 10, 9, 8, 7, 6, 5, 4, 3, 2 Stops: 29, 21, 30, 31, 32, 7, 3, 2
Route: 3232 Stations: 29, 21, 40, 39, 11, 10, 9, 8, 7, 6, 5, 4, 3, 2, 18 Stops: 29, 21, 40, 11, 10, 7, 6, 5, 4, 2, 18
Route: 3239 Stations: 29, 21, 40, 39, 11, 10, 9, 8, 7, 6, 5, 4, 19, 27, 26, 25 Stops: 29, 21, 39, 11, 10, 9, 7, 6, 27, 25
Route: 3248 Stations: 29, 21, 40, 39, 11, 12, 13, 14, 38, 37, 36, 35 Stops: 29, 40, 39, 11, 13, 14, 35
Route: 3280 Stations: 29, 28, 8, 7, 6, 5, 4, 19, 20, 21, 40, 39, 11, 10, 12, 13 Stops: 29, 8, 6, 4, 19, 21, 40, 11, 13
Route: 3318 Stations: 29, 28, 8, 9, 10, 11, 39, 40, 21, 22, 23, 30 Stops: 29, 28, 40, 21, 30
Route: 3321 Stations: 29, 28, 8, 9, 10, 11, 39, 40, 21, 22, 23, 30, 31, 32, 33 Stops: 29, 8, 9, 10, 40, 21, 22, 31, 32, 33
Route: 3323 Stations: 29, 28, 8, 9, 10, 11, 39, 40, 21, 30, 31, 32, 33, 41 Stops: 29, 28, 9, 39, 40, 21, 31, 41
Route: 3338 Stations: 30, 21, 20, 19, 4, 3, 2, 5, 6, 7, 8 Stops: 30, 4, 6, 8
Route: 3344 Stations: 30, 21, 20, 19, 4, 3, 2, 5, 6, 7, 8, 9, 10, 11, 12, 13, 14 Stops: 30, 21, 19, 6, 8, 9, 13, 14
Route: 3355 Stations: 30, 21, 20, 19, 4, 5, 6, 7, 8, 27, 26, 28 Stops: 30, 19, 4, 5, 6, 8, 28
Route: 3373 Stations: 30, 21, 29, 28, 8, 7, 6, 5, 4, 3, 2, 18 Stops: 30, 8, 5, 4, 3, 2, 18
Route: 3375 Stations: 30, 21, 29, 28, 8, 7, 6, 5, 4, 3, 2, 18, 17, 16 Stops: 30, 21, 29, 7, 6, 3, 16
Route: 3416 Stations: 31, 30, 21, 20, 19 Stops: 31, 30, 21, 19
Route: 3422 Stations: 31, 30, 21, 20, 19, 4, 3, 2, 5, 6 Stops: 31, 30, 21, 20, 19, 2, 5, 6
Route: 3441 Stations: 31, 30, 21, 20, 19, 4, 5, 6, 7, 8, 27, 26, 28 Stops: 31, 30, 21, 19, 4, 5, 6, 8, 27, 26, 28
Route: 3443 Stations: 31, 30, 21, 20, 19, 4, 5, 6, 7, 8, 28, 18 Stops: 31, 20, 19, 8, 28, 18
Route: 3444 Stations: 31, 30, 21, 20, 19, 4, 5, 6, 7, 8, 28, 18, 17 Stops: 31, 21, 5, 6, 8, 17
Route: 3446 Stations: 31, 30, 21, 20, 19, 4, 18, 17, 22 Stops: 31, 21, 20, 19, 18, 17, 22
Route: 3457 Stations: 31, 30, 21, 22, 23, 29, 28, 8, 7, 6, 5, 4, 3, 2 Stops: 31, 30, 21, 22, 29, 3, 2
Route: 3458 Stations: 31, 30, 21, 22, 23, 29, 28, 8, 7, 6, 5, 4, 3, 2, 1 Stops: 31, 30, 8, 7, 6, 4, 1
Route: 3461 Stations: 31, 30, 21, 29, 28, 8, 7, 6, 5, 4, 3, 2, 18, 17, 16 Stops: 31, 30, 21, 29, 28, 6, 5, 17, 16
Route: 3467 Stations: 31, 30, 21, 29, 28, 8, 7, 6, 5, 4, 19, 9, 10, 11, 12 Stops: 31, 8, 7, 9, 10, 12
Route: 3473 Stations: 31, 30, 21, 29, 28, 8, 9, 10, 11, 12, 13, 14, 38, 37, 36 Stops: 31, 21, 8, 9, 10, 13, 14, 37, 36
Route: 3478 Stations: 31, 30, 21, 29, 28, 8, 9, 10, 11, 39, 27, 26 Stops: 31, 30, 29, 8, 10, 11, 39, 27, 26
Route: 3503 Stations: 32, 31, 30, 21, 20, 19, 4 Stops: 32, 31, 30, 19, 4
Route: 3511 Stations: 32, 31, 30, 21, 20, 19, 4, 3, 2, 5, 6, 7, 8, 9 Stops: 32, 31, 30, 20, 4, 3, 2, 6, 8, 9
Route: 3513 Stations: 32, 31, 30, 21, 20, 19, 4, 3, 2, 5, 6, 7, 8, 9, 10, 11 Stops: 32, 30, 20, 4, 6, 7, 8, 9, 10, 11
Route: 3526 Stations: 32, 31, 30, 21, 20, 19, 4, 5, 6, 7, 8, 9, 10, 11, 39, 27, 26, 25 Stops: 32, 30, 21, 4, 5, 8, 9, 10, 39, 27, 26, 25
Route: 3529 Stations: 32, 31, 30, 21, 20, 19, 4, 5, 6, 7, 8, 28, 18 Stops: 32, 31, 30, 21, 4, 5, 28, 18
Route: 3538 Stations: 32, 31, 30, 21, 22, 23, 29, 28, 8, 7 Stops: 32, 8, 7
Route: 3563 Stations: 32, 31, 30, 21, 29, 28, 8, 9, 10, 11, 39, 27 Stops: 32, 31, 29, 9, 10, 39, 27
Route: 3565 Stations: 32, 31, 30, 21, 29, 28, 8, 9, 10, 11, 39, 27, 26, 25 Stops: 32, 21, 29, 28, 8, 9, 11, 25
Route: 3572 Stations: 32, 31, 30, 21, 40, 39, 11, 10, 12, 13 Stops: 32, 21, 39, 11, 10, 13
Route: 3577 Stations: 32, 31, 30, 21, 40, 39, 11, 12, 13, 14, 38, 37, 36 Stops: 32, 21, 11, 13, 14, 37, 36
Route: 3581 Stations: 32, 31, 30, 21, 41, 33 Stops: 32, 30, 33
Route: 3590 Stations: 33, 32, 31, 30, 21, 20, 19, 4, 3 Stops: 33, 20, 19, 4, 3
Route: 3610 Stations: 33, 32, 31, 30, 21, 20, 19, 4, 5, 6, 7, 8, 9, 10, 11, 39, 27 Stops: 33, 32, 30, 21, 4, 5, 6, 7, 10, 27
Route: 3611 Stations: 33, 32, 31, 30, 21, 20, 19, 4, 5, 6, 7, 8, 9, 10, 11, 39, 27, 26 Stops: 33, 32, 31, 20, 4, 5, 9, 10, 11, 39, 27, 26
Route: 3612 Stations: 33, 32, 31, 30, 21, 20, 19, 4, 5, 6, 7, 8, 9, 10, 11, 39, 27, 26, 25 Stops: 33, 32, 5, 6, 7, 10, 39, 26, 25
Route: 3664 Stations: 33, 32, 31, 30, 21, 40, 39, 11, 12, 13, 14, 38, 37, 36, 35 Stops: 33, 40, 39, 11, 14, 38, 36, 35
Route: 3690 Stations: 34, 33, 32, 31, 30, 21, 20, 19, 4, 5, 6, 7, 8, 9, 10, 11, 12, 13, 14, 38 Stops: 34, 33, 31, 20, 19, 7, 9, 11, 14, 38
Route: 3698 Stations: 34, 33, 32, 31, 30, 21, 20, 19, 4, 5, 6, 7, 8, 9, 10, 11, 39, 27, 26, 25 Stops: 34, 32, 19, 4, 5, 9, 39, 27, 26, 25
Route: 3724 Stations: 34, 33, 32, 31, 30, 21, 29, 28, 8, 7, 6, 5, 4, 19, 9, 10, 11 Stops: 34, 31, 30, 29, 4, 19, 9, 10, 11
Route: 3726 Stations: 34, 33, 32, 31, 30, 21, 29, 28, 8, 7, 6, 5, 4, 19, 9, 10, 11, 12, 13 Stops: 34, 32, 31, 29, 28, 8, 7, 5, 4, 19, 12, 13
Route: 3728 Stations: 34, 33, 32, 31, 30, 21, 29, 28, 8, 7, 6, 5, 4, 19, 9, 10, 11, 12, 13, 14, 15 Stops: 34, 31, 30, 5, 4, 9, 11, 12, 13, 15
Route: 3730 Stations: 34, 33, 32, 31, 30, 21, 29, 28, 8, 9, 10, 11, 12, 13, 14, 38, 37 Stops: 34, 31, 21, 9, 10, 11, 12, 38, 37
Route: 3739 Stations: 34, 33, 32, 31, 30, 21, 29, 28, 8, 27, 26, 40, 39 Stops: 34, 32, 31, 30, 26, 40, 39
Route: 3743 Stations: 34, 33, 32, 31, 30, 21, 40, 39, 11, 10, 12 Stops: 34, 33, 31, 30, 40, 39, 11, 12
Route: 3747 Stations: 34, 33, 32, 31, 30, 21, 40, 39, 11, 12, 13, 14, 38 Stops: 34, 32, 31, 30, 39, 13, 38
Route: 3753 Stations: 35, 36 Stops: 35, 36
Route: 3759 Stations: 35, 36, 37, 38, 11, 10, 9, 8 Stops: 35, 36, 11, 8
Route: 3777 Stations: 35, 36, 37, 38, 11, 10, 9, 8, 7, 6, 5, 4, 19, 20, 21, 22, 23, 29, 28 Stops: 35, 37, 11, 5, 4, 19, 29, 28
Route: 3788 Stations: 35, 36, 37, 38, 11, 10, 9, 8, 7, 6, 5, 4, 19, 20, 21, 41, 27, 26 Stops: 35, 36, 10, 9, 8, 7, 5, 4, 26
Route: 3793 Stations: 35, 36, 37, 38, 11, 10, 9, 8, 27, 26, 28, 29, 21, 20 Stops: 35, 37, 38, 9, 27, 26, 20
Route: 3813 Stations: 35, 36, 37, 38, 11, 10, 9, 8, 28, 29, 21, 30, 31, 32, 33, 40 Stops: 35, 36, 9, 8, 28, 29, 21, 32, 40
Route: 3815 Stations: 35, 36, 37, 38, 11, 10, 9, 8, 28, 29, 21, 40, 41 Stops: 35, 36, 11, 10, 28, 29, 41
Route: 3821 Stations: 35, 36, 37, 38, 11, 12, 13, 14, 39 Stops: 35, 36, 11, 39
Route: 3822 Stations: 35, 36, 37, 38, 11, 12, 13, 14, 39, 40 Stops: 35, 11, 12, 40
Route: 3843 Stations: 35, 36, 37, 38, 11, 39, 40, 21, 20, 19, 4, 5, 6, 7, 8, 28, 18, 17, 16 Stops: 35, 38, 11, 39, 20, 19, 4, 5, 6, 28, 16
Route: 3844 Stations: 35, 36, 37, 38, 11, 39, 40, 21, 20, 19, 4, 18, 17, 22 Stops: 35, 36, 11, 40, 21, 20, 4, 22
Route: 3854 Stations: 35, 36, 37, 38, 11, 39, 40, 21, 22, 23, 29, 28, 8, 7, 6, 5, 4, 3 Stops: 35, 11, 21, 22, 23, 29, 8, 4, 3
Route: 3870 Stations: 35, 36, 37, 38, 11, 39, 40, 21, 29, 28, 8, 27, 26, 30, 31, 32, 33 Stops: 35, 11, 39, 40, 21, 29, 8, 31, 33
Route: 3877 Stations: 36, 37, 38, 11 Stops: 36, 37, 11
Route: 3878 Stations: 36, 37, 38, 11, 10 Stops: 36, 38, 11, 10
Route: 3917 Stations: 36, 37, 38, 11, 10, 9, 8, 27, 26, 28, 29, 21, 20, 19, 4, 3 Stops: 36, 37, 38, 11, 9, 8, 21, 3
Route: 3925 Stations: 36, 37, 38, 11, 10, 9, 8, 28, 29, 21, 20, 19, 4, 5, 6, 18, 17, 16 Stops: 36, 37, 10, 9, 8, 29, 19, 4, 5, 6, 18, 17, 16
Route: 3928 Stations: 36, 37, 38, 11, 10, 9, 8, 28, 29, 21, 20, 19, 4, 18, 17, 22, 23, 24 Stops: 36, 38, 10, 8, 28, 21, 20, 17, 23, 24
Route: 3957 Stations: 36, 37, 38, 11, 39, 40, 21, 20, 19, 4, 5, 6, 7, 8, 9, 27 Stops: 36, 38, 39, 20, 19, 6, 8, 9, 27
Route: 3962 Stations: 36, 37, 38, 11, 39, 40, 21, 20, 19, 4, 5, 6, 7, 8, 28, 18 Stops: 36, 37, 11, 40, 20, 4, 6, 8, 28, 18
Route: 3991 Stations: 36, 37, 38, 11, 39, 40, 21, 29, 28, 8, 27, 26, 30, 31, 32, 33 Stops: 36, 37, 38, 21, 28, 8, 27, 26, 30, 33
Route: 3997 Stations: 37, 36, 38 Stops: 37, 38
Route: 3998 Stations: 37, 36, 38, 11 Stops: 37, 36, 38, 11
Route: 4001 Stations: 37, 36, 38, 11, 10, 9, 8 Stops: 37, 36, 10, 9, 8
Route: 4002 Stations: 37, 36, 38, 11, 10, 9, 8, 7 Stops: 37, 38, 11, 10, 8, 7
Route: 4003 Stations: 37, 36, 38, 11, 10, 9, 8, 7, 6 Stops: 37, 36, 38, 10, 9, 8, 7, 6
Route: 4011 Stations: 37, 38, 11, 10, 9, 8, 7, 6, 5, 4, 3, 2, 18, 17, 16 Stops: 37, 38, 11, 9, 8, 7, 5, 3, 2, 16
Route: 4015 Stations: 37, 38, 11, 10, 9, 8, 7, 6, 5, 4, 18, 17, 19, 20, 21, 22 Stops: 37, 38, 11, 9, 8, 7, 18, 17, 19, 22
Route: 4021 Stations: 37, 38, 11, 10, 9, 8, 7, 6, 5, 4, 19, 20, 21, 29, 30, 31 Stops: 37, 38, 11, 10, 7, 5, 31
Route: 4025 Stations: 37, 38, 11, 10, 9, 8, 7, 6, 5, 4, 19, 20, 21, 30, 31, 32, 33, 40 Stops: 37, 9, 8, 7, 5, 20, 21, 30, 32, 33, 40
Route: 4034 Stations: 37, 38, 11, 10, 9, 8, 27, 26, 28, 29, 21 Stops: 37, 38, 10, 8, 21
Route: 4046 Stations: 37, 38, 11, 10, 9, 8, 28, 29, 21, 20, 19, 4, 5, 6, 18, 17, 16 Stops: 37, 11, 9, 8, 29, 20, 4, 6, 16
Route: 4053 Stations: 37, 38, 11, 10, 9, 8, 28, 29, 21, 22, 23, 30, 31, 32, 33 Stops: 37, 38, 11, 10, 9, 28, 21, 23, 30, 31, 32, 33
Route: 4054 Stations: 37, 38, 11, 10, 9, 8, 28, 29, 21, 22, 23, 30, 31, 32, 33, 34 Stops: 37, 38, 10, 9, 28, 23, 30, 34
Route: 4069 Stations: 37, 38, 11, 12, 13, 14, 39, 40, 21, 20, 19, 4, 3 Stops: 37, 21, 4, 3
Route: 4083 Stations: 37, 38, 11, 39, 40, 21, 20, 19, 4, 5, 6, 7, 8, 28, 18 Stops: 37, 39, 21, 4, 7, 18
Route: 4093 Stations: 37, 38, 11, 39, 40, 21, 22, 23, 29, 28, 8, 7, 6 Stops: 37, 38, 11, 23, 28, 7, 6
Route: 4095 Stations: 37, 38, 11, 39, 40, 21, 22, 23, 29, 28, 8, 7, 6, 5, 4 Stops: 37, 11, 40, 21, 22, 8, 5, 4
Route: 4119 Stations: 38, 11, 10, 9, 8 Stops: 38, 11, 10, 8
Route: 4135 Stations: 38, 11, 10, 9, 8, 7, 6, 5, 4, 18, 17, 19, 20, 21, 22, 23, 24 Stops: 38, 11, 10, 9, 8, 5, 18, 17, 19, 22, 23, 24
Route: 4139 Stations: 38, 11, 10, 9, 8, 7, 6, 5, 4, 19, 20, 21, 29, 30, 31 Stops: 38, 10, 8, 20, 29, 30, 31
Route: 4155 Stations: 38, 11, 10, 9, 8, 27, 26, 28, 29, 21, 20, 19, 4 Stops: 38, 11, 10, 9, 27, 26, 19, 4
Route: 4168 Stations: 38, 11, 10, 9, 8, 28, 29, 21, 22, 23, 30 Stops: 38, 11, 8, 21, 23, 30
Route: 4173 Stations: 38, 11, 10, 9, 8, 28, 29, 21, 30, 31, 32, 33, 40 Stops: 38, 11, 10, 29, 32, 40
Route: 4177 Stations: 38, 11, 10, 9, 8, 28, 29, 21, 41, 12 Stops: 38, 11, 10, 9, 8, 28, 29, 41, 12
Route: 4183 Stations: 38, 11, 12, 13, 14, 39, 40, 21 Stops: 38, 12, 14, 40, 21
Route: 4192 Stations: 38, 11, 39, 40, 21, 20, 19, 4, 3, 2, 5, 6, 7 Stops: 38, 11, 40, 19, 4, 5, 7
Route: 4193 Stations: 38, 11, 39, 40, 21, 20, 19, 4, 3, 2, 5, 6, 7, 8 Stops: 38, 40, 20, 4, 5, 6, 8
Route: 4209 Stations: 38, 11, 39, 40, 21, 22, 23, 29, 28, 8 Stops: 38, 40, 21, 23, 28, 8
Route: 4220 Stations: 38, 11, 39, 40, 21, 29, 28, 8, 7, 6, 5, 4, 18, 17, 19 Stops: 38, 11, 40, 8, 7, 6, 5, 4, 19
Route: 4226 Stations: 38, 11, 39, 40, 21, 29, 28, 8, 9, 27, 26, 25 Stops: 38, 40, 29, 26, 25
Route: 4231 Stations: 38, 11, 39, 40, 21, 29, 28, 8, 27, 26, 30, 31, 32, 33, 34 Stops: 38, 40, 29, 26, 33, 34
Route: 4234 Stations: 38, 11, 39, 40, 21, 41, 37 Stops: 38, 40, 37
Route: 4238 Stations: 39, 11, 10 Stops: 39, 11, 10
Route: 4244 Stations: 39, 11, 10, 9, 8, 7, 6, 5, 4 Stops: 39, 9, 8, 7, 4
Route: 4269 Stations: 39, 11, 10, 9, 8, 7, 6, 5, 4, 19, 20, 21, 41, 27, 26, 25 Stops: 39, 11, 10, 6, 4, 21, 41, 25
Route: 4272 Stations: 39, 11, 10, 9, 8, 27, 26, 28, 29, 21 Stops: 39, 11, 9, 8, 26, 21
Route: 4273 Stations: 39, 11, 10, 9, 8, 27, 26, 28, 29, 21, 20 Stops: 39, 10, 9, 21, 20
Route: 4279 Stations: 39, 11, 10, 9, 8, 28, 29, 21, 20, 19, 4, 3, 2, 5 Stops: 39, 11, 10, 9, 28, 29, 19, 3, 2, 5
Route: 4287 Stations: 39, 11, 10, 9, 8, 28, 29, 21, 20, 19, 4, 18, 17, 22, 23, 24 Stops: 39, 11, 9, 21, 19, 18, 22, 24
Route: 4306 Stations: 39, 11, 38, 37, 36, 40, 21, 20 Stops: 39, 38, 37, 36, 20
Route: 4314 Stations: 39, 40, 21, 20, 19, 4, 3, 2, 5, 6, 7 Stops: 39, 40, 19, 3, 2, 6, 7
Route: 4317 Stations: 39, 40, 21, 20, 19, 4, 3, 2, 5, 6, 7, 8, 9, 10 Stops: 39, 40, 21, 20, 19, 2, 5, 6, 9, 10
Route: 4334 Stations: 39, 40, 21, 20, 19, 4, 5, 6, 7, 8, 28, 18, 17, 16 Stops: 39, 40, 21, 20, 19, 4, 5, 6, 7, 18, 16
Route: 4340 Stations: 39, 40, 21, 22, 23, 29, 28, 8 Stops: 39, 40, 23, 28, 8
Route: 4343 Stations: 39, 40, 21, 22, 23, 29, 28, 8, 7, 6, 5 Stops: 39, 40, 21, 23, 8, 7, 5
Route: 4351 Stations: 39, 40, 21, 29, 28, 8, 7, 6, 5, 4, 18, 17, 19 Stops: 39, 21, 29, 8, 7, 6, 4, 19
Route: 4358 Stations: 39, 40, 21, 29, 28, 8, 7, 6, 5, 4, 19, 9, 10, 11, 12, 13, 14 Stops: 39, 21, 29, 8, 5, 19, 9, 14
Route: 4363 Stations: 39, 40, 21, 29, 28, 8, 9, 10, 11, 12, 13, 14, 38, 37, 36, 35 Stops: 39, 40, 29, 28, 9, 11, 12, 13, 14, 36, 35
Route: 4368 Stations: 39, 40, 21, 29, 28, 8, 27, 26, 30, 31 Stops: 39, 28, 8, 31
Route: 4375 Stations: 40, 21, 20 Stops: 40, 21, 20
Route: 4380 Stations: 40, 21, 20, 19, 4, 3, 2, 1 Stops: 40, 3, 2, 1
Route: 4381 Stations: 40, 21, 20, 19, 4, 3, 2, 5 Stops: 40, 20, 4, 2, 5
Route: 4416 Stations: 40, 21, 22, 23, 29, 28, 8, 7, 6, 5, 4, 3, 2 Stops: 40, 22, 29, 8, 6, 5, 2
Route: 4417 Stations: 40, 21, 22, 23, 29, 28, 8, 7, 6, 5, 4, 3, 2, 1 Stops: 40, 21, 8, 5, 2, 1
Route: 4419 Stations: 40, 21, 29, 28, 8, 7, 6, 5, 4, 3, 2, 18, 17 Stops: 40, 21, 29, 8, 6, 5, 4, 3, 2, 18, 17
Route: 4428 Stations: 40, 21, 29, 28, 8, 7, 6, 5, 4, 19, 9, 10, 11, 12, 13, 14 Stops: 40, 29, 8, 6, 5, 4, 19, 9, 14
Route: 4431 Stations: 40, 21, 29, 28, 8, 9, 10, 11, 12, 13, 14, 38, 37 Stops: 40, 28, 9, 10, 13, 14, 37
Route: 4439 Stations: 40, 21, 29, 28, 8, 27, 26, 30, 31 Stops: 40, 21, 29, 28, 8, 27, 26, 31
Route: 4443 Stations: 40, 21, 30, 31, 32, 33, 41 Stops: 40, 21, 32, 41
Route: 4457 Stations: 40, 39, 11, 10, 9, 8, 7, 6, 5, 4, 3, 2, 18 Stops: 40, 11, 10, 6, 5, 2, 18
Route: 4470 Stations: 40, 39, 11, 10, 9, 8, 7, 6, 5, 4, 19, 20, 21, 29, 30, 31, 32 Stops: 40, 39, 9, 8, 20, 29, 30, 32
Route: 4473 Stations: 40, 39, 11, 10, 9, 8, 7, 6, 5, 4, 19, 20, 21, 30, 31, 32, 33, 41 Stops: 40, 39, 11, 8, 19, 20, 21, 31, 41
Route: 4476 Stations: 40, 39, 11, 10, 9, 8, 7, 6, 5, 4, 19, 20, 21, 41, 27, 26 Stops: 40, 10, 9, 8, 7, 26
Route: 4486 Stations: 40, 39, 11, 10, 9, 8, 27, 26, 28, 29, 21, 20, 19, 4, 3, 2, 1 Stops: 40, 11, 10, 27, 26, 28, 20, 4, 3, 1
Route: 4524 Stations: 41, 21, 20, 19, 4, 3, 2, 5, 6, 7, 8, 9, 10, 11 Stops: 41, 21, 19, 2, 6, 9, 11
Route: 4540 Stations: 41, 21, 20, 19, 4, 5, 6, 7, 8, 28, 18 Stops: 41, 21, 4, 18
Route: 4541 Stations: 41, 21, 20, 19, 4, 5, 6, 7, 8, 28, 18, 17 Stops: 41, 21, 20, 19, 6, 8, 17
Route: 4552 Stations: 41, 21, 22, 23, 29, 28, 8, 7, 6, 5, 4 Stops: 41, 21, 23, 29, 8, 7, 6, 5, 4
Route: 4553 Stations: 41, 21, 22, 23, 29, 28, 8, 7, 6, 5, 4, 3 Stops: 41, 21, 28, 7, 5, 4, 3
Route: 4557 Stations: 41, 21, 29, 28, 8, 7, 6, 5, 4, 3, 2, 18, 17 Stops: 41, 29, 28, 8, 4, 3, 2, 17
Route: 4560 Stations: 41, 21, 29, 28, 8, 7, 6, 5, 4, 18, 17, 19, 20 Stops: 41, 21, 28, 6, 17, 19, 20
Route: 4561 Stations: 41, 21, 29, 28, 8, 7, 6, 5, 4, 19, 9 Stops: 41, 29, 28, 8, 7, 5, 19, 9
Route: 4575 Stations: 41, 21, 29, 28, 8, 9, 10, 11, 39, 27, 26 Stops: 41, 21, 29, 8, 11, 39, 27, 26
Route: 4581 Stations: 41, 21, 29, 28, 8, 27, 26, 30, 31, 32, 33, 34 Stops: 41, 29, 32, 34
Route: 4584 Stations: 41, 21, 30, 31, 32, 33, 40, 39, 11 Stops: 41, 30, 32, 33, 11
Route: 4604 Stations: 41, 21, 40, 39, 11, 10, 9, 8, 27, 26, 28, 29 Stops: 41, 21, 39, 11, 10, 8, 27, 26, 29
Route: 4608 Stations: 41, 21, 40, 39, 11, 10, 9, 8, 28, 12, 13, 14, 15 Stops: 41, 21, 40, 39, 11, 10, 8, 12, 13, 15
Route: 4610 Stations: 41, 21, 40, 39, 11, 12, 13, 14, 38, 37 Stops: 41, 11, 14, 37
Route: 4612 Stations: 41, 21, 40, 39, 11, 12, 13, 14, 38, 37, 36, 35 Stops: 41, 40, 39, 35
Route: 4618 Stations: 42, 41, 21, 20, 19, 4 Stops: 42, 4
Route: 4620 Stations: 42, 41, 21, 20, 19, 4, 3, 2 Stops: 42, 41, 21, 4, 2
Route: 4647 Stations: 42, 41, 21, 20, 19, 4, 18, 17, 22 Stops: 42, 41, 18, 17, 22
Route: 4650 Stations: 42, 41, 21, 22, 23, 29 Stops: 42, 21, 29
Route: 4667 Stations: 42, 41, 21, 29, 28, 8, 7, 6, 5, 4, 19, 9, 10, 11 Stops: 42, 41, 29, 28, 8, 5, 4, 9, 10, 11
Route: 4673 Stations: 42, 41, 21, 29, 28, 8, 9, 10, 11, 12, 13, 14, 38, 37 Stops: 42, 41, 28, 8, 9, 10, 12, 14, 38, 37
Route: 4674 Stations: 42, 41, 21, 29, 28, 8, 9, 10, 11, 12, 13, 14, 38, 37, 36 Stops: 42, 21, 28, 8, 9, 12, 38, 36
Route: 4688 Stations: 42, 41, 21, 30, 31, 32, 33, 40, 39, 11 Stops: 42, 21, 30, 31, 33, 40, 39, 11
Route: 4704 Stations: 42, 41, 21, 40, 39, 11, 10, 9, 8, 7, 6, 5, 4, 19, 27 Stops: 42, 41, 39, 11, 8, 7, 5, 19, 27
Route: 4712 Stations: 42, 41, 21, 40, 39, 11, 10, 9, 8, 28, 12, 13, 14, 15 Stops: 42, 41, 21, 11, 10, 28, 14, 15
Route: 4714 Stations: 42, 41, 21, 40, 39, 11, 12, 13, 14, 38, 37 Stops: 42, 41, 21, 12, 14, 38, 37
Route: 4727 Stations: 44, 45, 46, 47 Stops: 44, 46, 47
Route: 4766 Stations: 50, 49 Stops: 50
Route: 4767 Stations: 1, 2, 3, 4, 5, 6, 7, 8, 9, 10, 11, 39, 40, 21, 41, 27 Stops: 1, 2, 4, 5, 8, 9, 11, 41, 27
Route: 4768 Stations: 1, 2, 3, 4, 5, 6, 7, 8, 27, 26, 28, 29, 21, 20 Stops: 1, 2, 4, 5, 7, 8, 20
Route: 4769 Stations: 1, 2, 3, 4, 5, 6, 7, 8, 28, 29, 21, 22, 23, 30, 31, 32, 33 Stops: 1, 3, 21, 23, 30, 31, 32, 33
Route: 4770 Stations: 1, 2, 3, 4, 19, 20, 21, 29, 28, 8, 7, 6, 9, 10, 11, 12 Stops: 1, 4, 19, 20, 21, 7, 10, 12
Route: 4771 Stations: 1, 2, 3, 4, 19, 20, 21, 29, 28, 8, 9, 10, 11, 12, 13, 14, 38, 37, 36 Stops: 1, 3, 4, 21, 28, 10, 11, 12, 13, 38, 36
Route: 4772 Stations: 1, 2, 3, 4, 19, 20, 21, 29, 28, 8, 9, 10, 11, 12, 13, 14, 38, 37, 36, 35 Stops: 1, 2, 3, 21, 28, 9, 11, 12, 13, 14, 38, 37, 35
Route: 4773 Stations: 1, 2, 3, 4, 19, 20, 21, 30, 31, 32, 33, 40, 39, 11 Stops: 1, 3, 4, 19, 20, 30, 33, 40, 39, 11
Route: 4774 Stations: 1, 2, 3, 4, 19, 20, 21, 40, 39, 11, 10, 9, 8, 7, 6, 27, 26, 25 Stops: 1, 3, 4, 19, 20, 21, 40, 11, 8, 7, 6, 26, 25
Route: 4775 Stations: 1, 2, 3, 4, 19, 20, 21, 40, 39, 11, 12, 13, 14, 38, 37, 36, 35 Stops: 1, 2, 4, 19, 21, 40, 11, 14, 38, 35
Route: 4776 Stations: 2, 3, 4, 5, 6, 7 Stops: 2, 3, 7